101,196070,1,0
101,196081,2,0
101,196082,3,0
101,196084,4,0
101,196023,5,0
101,196022,6,0
101,196096,7,0
101,196020,8,0
101,196019,9,0
101,196018,10,0
101,196017,11,0
101,196016,12,0
101,196015,13,0
101,196014,14,0
101,196072,15,0
101,196013,16,0
101,196012,17,0
101,196011,18,0
101,196010,19,0
101,196008,20,0
101,196006,21,0
101,196085,22,0
101,196005,23,0
101,196003,24,0
101,196001,25,0
101,196086,26,0
101,196098,27,0
101,196000,28,0
101,196087,29,0
101,196004,30,0
101,196088,31,0
101,196048,32,0
101,196046,33,0
101,196044,34,0
101,196043,35,0
101,196042,36,0
101,196051,37,0
101,196050,38,0
101,196089,39,0
101,196052,40,0
101,196037,41,0
101,196035,42,0
101,196097,43,0
101,196032,44,0
101,196031,45,0
101,196030,46,0
101,196029,47,0
101,196028,48,0
200,196070,1,0
200,196027,2,0
200,196053,3,0
200,196054,4,0
200,196074,5,0
200,196090,6,0
200,196071,7,0
200,196066,8,0
200,196100,9,0
200,196068,10,0
200,196092,11,0
200,196069,12,0
200,196065,13,0
200,196064,14,0
200,196062,15,0
200,196061,16,0
200,196059,17,0
200,196057,18,0
200,196056,19,0
200,196049,20,0
200,196043,21,0
200,196042,22,0
200,196051,23,0
200,196050,24,0
200,196089,25,0
200,196052,26,0
200,196037,27,0
200,196035,28,0
200,196097,29,0
200,196032,30,0
200,196031,31,0
200,196030,32,0
200,196076,33,0
200,196077,34,0
200,196099,35,0
200,196002,36,0
200,196094,37,0
200,196095,38,0
200,196029,39,0
200,196028,40,0
