101,196070,1,0
101,196081,2,0
101,196082,3,0
101,196083,4,0
101,196084,5,0
101,196023,6,0
101,196022,7,0
101,196021,8,0
101,196020,9,0
101,196019,10,0
101,196018,11,0
101,196017,12,0
101,196016,13,0
101,196015,14,0
101,196014,15,0
101,196072,16,0
101,196013,17,0
101,196012,18,0
101,196011,19,0
101,196010,20,0
101,196009,21,0
101,196008,22,0
101,196007,23,0
101,196006,24,0
101,196005,25,0
101,196003,26,0
101,196001,27,0
101,196086,28,0
101,196075,29,0
101,196000,30,0
101,196004,31,0
101,196088,32,0
101,196073,33,0
101,196048,34,0
101,196046,35,0
101,196044,36,0
101,196043,37,0
101,196042,38,0
101,196051,39,0
101,196050,40,0
101,196052,41,0
101,196037,42,0
101,196035,43,0
101,196034,44,0
101,196033,45,0
101,196032,46,0
101,196031,47,0
101,196030,48,0
101,196029,49,0
101,196028,50,0
101,196025,51,1
200,196070,1,0
200,196027,2,0
200,196053,3,0
200,196074,4,0
200,196090,5,0
200,196071,6,0
200,196066,7,0
200,196067,8,0
200,196068,9,0
200,196092,10,0
200,196069,11,0
200,196065,12,0
200,196064,13,0
200,196063,14,0
200,196062,15,0
200,196061,16,0
200,196060,17,0
200,196059,18,0
200,196058,19,0
200,196057,20,0
200,196056,21,0
200,196055,22,0
200,196049,23,0
200,196043,24,0
200,196042,25,0
200,196076,26,0
200,196078,27,0
200,196031,28,0
200,196030,29,0
200,196029,30,0
200,196028,31,0
200,196025,32,1
301,196070,1,0
301,196027,2,0
301,196053,3,0
301,196054,4,0
301,196074,5,0
301,196041,6,0
301,196038,7,0
301,196037,8,0
301,196035,9,0
301,196034,10,0
301,196033,11,0
301,196032,12,0
301,196031,13,0
301,196030,14,0
301,196079,15,0
301,196002,16,0
301,196093,17,0
301,196045,18,0
301,196044,19,0
301,196043,20,0
301,196042,21,0
301,196051,22,0
301,196050,23,0
301,196052,24,0
301,196039,25,0
301,196040,26,0
301,196026,27,0
301,196025,28,1
