101,196070,1,0
101,196081,2,0
101,196082,3,0
101,196084,4,0
101,196022,5,0
101,196096,6,0
101,196020,7,0
101,196019,8,0
101,196018,9,0
101,196017,10,0
101,196016,11,0
101,196015,12,0
101,196014,13,0
101,196072,14,0
101,196104,15,0
101,196013,16,0
101,196012,17,0
101,196011,18,0
101,196105,19,0
101,196106,20,0
101,196107,21,0
101,196108,22,0
101,196003,23,0
101,196001,24,0
101,196103,25,0
101,196086,26,0
101,196098,27,0
101,196000,28,0
101,196087,29,0
101,196004,30,0
101,196048,31,0
101,196046,32,0
101,196044,33,0
101,196043,34,0
101,196042,35,0
101,196051,36,0
101,196050,37,0
101,196089,38,0
101,196052,39,0
101,196037,40,0
101,196035,41,0
101,196097,42,0
101,196032,43,0
101,196031,44,0
101,196030,45,0
101,196028,46,0
200,196070,1,0
200,196027,2,0
200,196053,3,0
200,196054,4,0
200,196074,5,0
200,196090,6,0
200,196071,7,0
200,196066,8,0
200,196100,9,0
200,196068,10,0
200,196092,11,0
200,196101,12,0
200,196069,13,0
200,196102,14,0
200,196065,15,0
200,196064,16,0
200,196062,17,0
200,196061,18,0
200,196059,19,0
200,196057,20,0
200,196056,21,0
200,196049,22,0
200,196043,23,0
200,196042,24,0
200,196051,25,0
200,196050,26,0
200,196089,27,0
200,196052,28,0
200,196037,29,0
200,196035,30,0
200,196097,31,0
200,196032,32,0
200,196031,33,0
200,196030,34,0
200,196076,35,0
200,196077,36,0
200,196002,37,0
200,196094,38,0
200,196095,39,0
200,196029,40,0
