101,196070,1,0
101,196025,2,0
101,196024,3,0
101,196023,4,0
101,196022,5,0
101,196021,6,0
101,196020,7,0
101,196019,8,0
101,196018,9,0
101,196017,10,0
101,196016,11,0
101,196015,12,0
101,196014,13,0
101,196072,14,0
101,196013,15,0
101,196012,16,0
101,196011,17,0
101,196010,18,0
101,196009,19,0
101,196008,20,0
101,196007,21,0
101,196006,22,0
101,196005,23,0
101,196003,24,0
101,196001,25,0
101,196000,26,0
101,196004,27,0
101,196048,28,0
101,196046,29,0
101,196044,30,0
101,196043,31,0
101,196042,32,0
101,196051,33,0
101,196050,34,0
101,196052,35,0
101,196037,36,0
101,196035,37,0
101,196034,38,0
101,196033,39,0
101,196032,40,0
101,196031,41,0
101,196030,42,0
101,196029,43,0
101,196028,44,1
200,196070,1,0
200,196027,2,0
200,196053,3,0
200,196054,4,0
200,196071,5,0
200,196066,6,0
200,196069,7,0
200,196068,8,0
200,196067,9,0
200,196065,10,0
200,196064,11,0
200,196063,12,0
200,196062,13,0
200,196061,14,0
200,196060,15,0
200,196059,16,0
200,196058,17,0
200,196057,18,0
200,196056,19,0
200,196055,20,0
200,196049,21,0
200,196043,22,0
200,196042,23,0
200,196051,24,0
200,196050,25,0
200,196052,26,0
200,196037,27,0
200,196035,28,0
200,196034,29,0
200,196033,30,0
200,196032,31,0
200,196031,32,0
200,196030,33,0
200,196029,34,0
200,196028,35,0
200,196025,36,1
301,196070,1,0
301,196027,2,0
301,196053,3,0
301,196054,4,0
301,196041,5,0
301,196038,6,0
301,196037,7,0
301,196035,8,0
301,196034,9,0
301,196033,10,0
301,196032,11,0
301,196002,12,0
301,196047,13,0
301,196045,14,0
301,196044,15,0
301,196043,16,0
301,196042,17,0
301,196051,18,0
301,196050,19,0
301,196052,20,0
301,196039,21,0
301,196040,22,0
301,196026,23,0
301,196025,24,1
